Aim points: canvas x, y per frame (pixel-edge coordinates; subtract 0.5 for pixel centres).
Healthy and damaged frames share them (the damage does not move the guns).

VULCAN        left muzzle      right muzzle   |  recoil frames: left      right
  00      (  77.0,  45.7)  (  99.0,  45.7)   |          (  77.0,  47.8)  (  99.0,  47.8)
  01      (  63.4,  47.6)  (  84.9,  45.2)   |          (  64.2,  49.7)  (  85.8,  47.3)
  02      (  51.0,  51.0)  (  71.1,  46.3)   |          (  52.6,  52.9)  (  72.7,  48.2)
  03      (  40.3,  55.5)  (  58.3,  48.8)   |          (  42.6,  57.3)  (  60.6,  50.5)
  04      (  31.7,  61.0)  (  46.8,  52.6)   |          (  34.6,  62.5)  (  49.7,  54.0)
  05      (  25.5,  67.2)  (  37.2,  57.3)   |          (  28.8,  68.3)  (  40.6,  58.4)
  06      (  21.6,  73.7)  (  29.6,  62.8)   |          (  25.3,  74.4)  (  33.3,  63.6)
  07      (  20.1,  80.3)  (  24.2,  68.9)   |          (  24.1,  80.7)  (  28.1,  69.3)
  08      (  21.0,  87.0)  (  21.0,  75.3)   |          (  25.0,  87.0)  (  25.0,  75.3)
  09      (  24.2,  93.4)  (  20.1,  82.0)   |          (  28.1,  93.0)  (  24.1,  81.6)
  10      (  29.6,  99.5)  (  21.6,  88.7)   |          (  33.3,  98.7)  (  25.3,  87.9)
  11      (  37.2, 105.0)  (  25.5,  95.2)   |          (  40.6, 103.9)  (  28.8,  94.0)
  12      (  46.8, 109.8)  (  31.7, 101.3)   |          (  49.7, 108.3)  (  34.6,  99.8)
  13      (  58.3, 113.5)  (  40.3, 106.8)   |          (  60.6, 111.8)  (  42.6, 105.0)
  14      (  71.1, 116.0)  (  51.0, 111.3)   |          (  72.7, 114.1)  (  52.6, 109.4)
  15      (  84.9, 117.1)  (  63.4, 114.7)   |          (  85.8, 115.0)  (  64.2, 112.6)
  16      (  99.0, 116.7)  (  77.0, 116.7)   |          (  99.0, 114.5)  (  77.0, 114.5)
  17      ( 112.6, 114.7)  (  91.1, 117.1)   |          ( 111.8, 112.6)  (  90.2, 115.0)
  18      ( 125.0, 111.3)  ( 104.9, 116.0)   |          ( 123.4, 109.4)  ( 103.3, 114.1)
  19      ( 135.7, 106.8)  ( 117.7, 113.5)   |          ( 133.4, 105.0)  ( 115.4, 111.8)
  20      ( 144.3, 101.3)  ( 129.2, 109.8)   |          ( 141.4,  99.8)  ( 126.3, 108.3)
  21      ( 150.5,  95.2)  ( 138.8, 105.0)   |          ( 147.2,  94.0)  ( 135.4, 103.9)
  22      ( 154.4,  88.7)  ( 146.4,  99.5)   |          ( 150.7,  87.9)  ( 142.7,  98.7)
  23      ( 155.9,  82.0)  ( 151.8,  93.4)   |          ( 151.9,  81.6)  ( 147.9,  93.0)
  24      ( 155.0,  75.3)  ( 155.0,  87.0)   |          ( 151.0,  75.3)  ( 151.0,  87.0)
  25      ( 151.8,  68.9)  ( 155.9,  80.3)   |          ( 147.9,  69.3)  ( 151.9,  80.7)
  26      ( 146.4,  62.8)  ( 154.4,  73.7)   |          ( 142.7,  63.6)  ( 150.7,  74.4)
  27      ( 138.8,  57.3)  ( 150.5,  67.2)   |          ( 135.4,  58.4)  ( 147.2,  68.3)
  28      ( 129.2,  52.6)  ( 144.3,  61.0)   |          ( 126.3,  54.0)  ( 141.4,  62.5)
  29      ( 117.7,  48.8)  ( 135.7,  55.5)   |          ( 115.4,  50.5)  ( 133.4,  57.3)
  30      ( 104.9,  46.3)  ( 125.0,  51.0)   |          ( 103.3,  48.2)  ( 123.4,  52.9)
  31      (  91.1,  45.2)  ( 112.6,  47.6)   |          (  90.2,  47.3)  ( 111.8,  49.7)

RPG           launcher mouths: lower     upper
  00                     (  79.8,  64.1)  (  79.8,  56.3)
  01                     (  74.3,  65.3)  (  74.7,  57.5)
  02                     (  69.4,  67.1)  (  70.2,  59.2)
  03                     (  65.4,  69.3)  (  66.5,  61.4)
  04                     (  62.3,  71.8)  (  63.8,  63.8)
  05                     (  60.4,  74.6)  (  62.0,  66.3)
  06                     (  59.4,  77.4)  (  61.3,  69.0)
  07                     (  59.5,  80.3)  (  61.4,  71.7)
  08                     (  60.5,  83.0)  (  62.5,  74.2)
  09                     (  62.5,  85.6)  (  64.5,  76.6)
  10                     (  65.4,  88.0)  (  67.3,  78.8)
  11                     (  69.2,  90.1)  (  70.8,  80.8)
  12                     (  73.7,  91.8)  (  75.1,  82.3)
  13                     (  78.9,  93.1)  (  80.0,  83.4)
  14                     (  84.5,  93.7)  (  85.3,  84.0)
  15                     (  90.4,  93.8)  (  90.8,  84.0)
  16                     (  96.2,  93.2)  (  96.2,  83.4)
  17                     ( 101.7,  92.0)  ( 101.3,  82.2)
  18                     ( 106.6,  90.2)  ( 105.8,  80.5)
  19                     ( 110.6,  88.0)  ( 109.5,  78.3)
  20                     ( 113.7,  85.5)  ( 112.2,  75.9)
  21                     ( 115.6,  82.7)  ( 114.0,  73.4)
  22                     ( 116.6,  79.9)  ( 114.7,  70.7)
  23                     ( 116.5,  77.0)  ( 114.6,  68.0)
  24                     ( 115.5,  74.3)  ( 113.5,  65.5)
  25                     ( 113.5,  71.7)  ( 111.5,  63.1)
  26                     ( 110.6,  69.3)  ( 108.7,  60.9)
  27                     ( 106.8,  67.2)  ( 105.2,  58.9)
  28                     ( 102.3,  65.5)  ( 100.9,  57.4)
  29                     (  97.1,  64.2)  (  96.0,  56.3)
  30                     (  91.5,  63.6)  (  90.7,  55.7)
  31                     (  85.6,  63.5)  (  85.2,  55.7)

SAM           launch face middle   | its eight cells: lower row left to right, then upper row
  00      (  88.0,  53.8)       | (  71.3,  54.9) (  81.9,  54.9) (  94.1,  54.9) ( 104.7,  54.9) (  71.3,  53.8) (  81.9,  53.8) (  94.1,  53.8) ( 104.7,  53.8)
  01      (  83.1,  54.1)       | (  65.6,  57.0) (  76.0,  55.9) (  87.8,  54.5) (  98.2,  53.4) (  68.1,  55.8) (  78.4,  54.7) (  90.3,  53.3) ( 100.7,  52.2)
  02      (  78.4,  54.9)       | (  60.9,  59.7) (  70.6,  57.5) (  81.7,  54.9) (  91.4,  52.6) (  65.7,  58.1) (  75.4,  55.9) (  86.5,  53.3) (  96.2,  51.0)
  03      (  74.2,  56.2)       | (  57.3,  62.8) (  66.0,  59.6) (  75.9,  55.9) (  84.5,  52.6) (  64.2,  60.6) (  72.9,  57.4) (  82.8,  53.7) (  91.4,  50.4)
  04      (  70.6,  57.8)       | (  55.1,  66.2) (  62.4,  62.1) (  70.7,  57.4) (  78.0,  53.4) (  63.8,  63.1) (  71.1,  59.1) (  79.4,  54.4) (  86.6,  50.3)
  05      (  67.8,  59.7)       | (  54.1,  69.6) (  59.8,  64.9) (  66.2,  59.5) (  71.9,  54.7) (  64.2,  65.6) (  69.9,  60.9) (  76.4,  55.4) (  82.0,  50.7)
  06      (  65.8,  61.9)       | (  54.4,  73.0) (  58.3,  67.8) (  62.7,  61.8) (  66.6,  56.6) (  65.6,  67.9) (  69.4,  62.7) (  73.8,  56.7) (  77.7,  51.5)
  07      (  64.6,  64.1)       | (  55.9,  76.3) (  57.9,  70.8) (  60.1,  64.5) (  62.0,  58.9) (  67.6,  70.1) (  69.6,  64.6) (  71.8,  58.2) (  73.8,  52.7)
  08      (  64.1,  66.5)       | (  58.5,  79.3) (  58.5,  73.7) (  58.5,  67.3) (  58.5,  61.7) (  70.4,  71.9) (  70.4,  66.3) (  70.4,  59.9) (  70.4,  54.3)
  09      (  64.6,  68.8)       | (  62.0,  82.1) (  60.1,  76.6) (  57.9,  70.2) (  55.9,  64.7) (  73.8,  73.5) (  71.8,  68.0) (  69.6,  61.7) (  67.6,  56.2)
  10      (  65.8,  71.1)       | (  66.6,  84.4) (  62.7,  79.2) (  58.3,  73.2) (  54.4,  68.0) (  77.7,  74.7) (  73.8,  69.5) (  69.4,  63.5) (  65.6,  58.3)
  11      (  67.8,  73.2)       | (  71.9,  86.3) (  66.2,  81.6) (  59.8,  76.1) (  54.1,  71.4) (  82.0,  75.6) (  76.4,  70.8) (  69.9,  65.4) (  64.2,  60.6)
  12      (  70.6,  75.1)       | (  78.0,  87.7) (  70.7,  83.6) (  62.4,  78.9) (  55.1,  74.8) (  86.6,  75.9) (  79.4,  71.8) (  71.1,  67.2) (  63.8,  63.1)
  13      (  74.2,  76.8)       | (  84.5,  88.4) (  75.9,  85.1) (  66.0,  81.4) (  57.3,  78.2) (  91.4,  75.8) (  82.8,  72.6) (  72.9,  68.9) (  64.2,  65.6)
  14      (  78.4,  78.0)       | (  91.4,  88.4) (  81.7,  86.1) (  70.6,  83.6) (  60.9,  81.3) (  96.2,  75.2) (  86.5,  72.9) (  75.4,  70.4) (  65.7,  68.1)
  15      (  83.1,  78.8)       | (  98.2,  87.7) (  87.8,  86.5) (  76.0,  85.2) (  65.6,  84.0) ( 100.7,  74.1) (  90.3,  72.9) (  78.4,  71.6) (  68.1,  70.4)
  16      (  88.0,  79.1)       | ( 104.7,  86.2) (  94.1,  86.2) (  81.9,  86.2) (  71.3,  86.2) ( 104.7,  72.4) (  94.1,  72.4) (  81.9,  72.4) (  71.3,  72.4)
  17      (  92.9,  78.8)       | ( 110.4,  84.0) ( 100.0,  85.2) (  88.2,  86.5) (  77.8,  87.7) ( 107.9,  70.4) (  97.6,  71.6) (  85.7,  72.9) (  75.3,  74.1)
  18      (  97.6,  78.0)       | ( 115.1,  81.3) ( 105.4,  83.6) (  94.3,  86.1) (  84.6,  88.4) ( 110.3,  68.1) ( 100.6,  70.4) (  89.5,  72.9) (  79.8,  75.2)
  19      ( 101.8,  76.8)       | ( 118.7,  78.2) ( 110.0,  81.4) ( 100.1,  85.1) (  91.5,  88.4) ( 111.8,  65.6) ( 103.1,  68.9) (  93.2,  72.6) (  84.6,  75.8)
  20      ( 105.4,  75.1)       | ( 120.9,  74.8) ( 113.6,  78.9) ( 105.3,  83.6) (  98.0,  87.7) ( 112.2,  63.1) ( 104.9,  67.2) (  96.6,  71.8) (  89.4,  75.9)
  21      ( 108.2,  73.2)       | ( 121.9,  71.4) ( 116.2,  76.1) ( 109.8,  81.6) ( 104.1,  86.3) ( 111.8,  60.6) ( 106.1,  65.4) (  99.6,  70.8) (  94.0,  75.6)
  22      ( 110.2,  71.1)       | ( 121.6,  68.0) ( 117.7,  73.2) ( 113.3,  79.2) ( 109.4,  84.4) ( 110.4,  58.3) ( 106.6,  63.5) ( 102.2,  69.5) (  98.3,  74.7)
  23      ( 111.4,  68.8)       | ( 120.1,  64.7) ( 118.1,  70.2) ( 115.9,  76.6) ( 114.0,  82.1) ( 108.4,  56.2) ( 106.4,  61.7) ( 104.2,  68.0) ( 102.2,  73.5)
  24      ( 111.9,  66.5)       | ( 117.5,  61.7) ( 117.5,  67.3) ( 117.5,  73.7) ( 117.5,  79.3) ( 105.6,  54.3) ( 105.6,  59.9) ( 105.6,  66.3) ( 105.6,  71.9)
  25      ( 111.4,  64.1)       | ( 114.0,  58.9) ( 115.9,  64.5) ( 118.1,  70.8) ( 120.1,  76.3) ( 102.2,  52.7) ( 104.2,  58.2) ( 106.4,  64.6) ( 108.4,  70.1)
  26      ( 110.2,  61.9)       | ( 109.4,  56.6) ( 113.3,  61.8) ( 117.7,  67.8) ( 121.6,  73.0) (  98.3,  51.5) ( 102.2,  56.7) ( 106.6,  62.7) ( 110.4,  67.9)
  27      ( 108.2,  59.7)       | ( 104.1,  54.7) ( 109.8,  59.5) ( 116.2,  64.9) ( 121.9,  69.6) (  94.0,  50.7) (  99.6,  55.4) ( 106.1,  60.9) ( 111.8,  65.6)
  28      ( 105.4,  57.8)       | (  98.0,  53.4) ( 105.3,  57.4) ( 113.6,  62.1) ( 120.9,  66.2) (  89.4,  50.3) (  96.6,  54.4) ( 104.9,  59.1) ( 112.2,  63.1)
  29      ( 101.8,  56.2)       | (  91.5,  52.6) ( 100.1,  55.9) ( 110.0,  59.6) ( 118.7,  62.8) (  84.6,  50.4) (  93.2,  53.7) ( 103.1,  57.4) ( 111.8,  60.6)
  30      (  97.6,  54.9)       | (  84.6,  52.6) (  94.3,  54.9) ( 105.4,  57.5) ( 115.1,  59.7) (  79.8,  51.0) (  89.5,  53.3) ( 100.6,  55.9) ( 110.3,  58.1)
  31      (  92.9,  54.1)       | (  77.8,  53.4) (  88.2,  54.5) ( 100.0,  55.9) ( 110.4,  57.0) (  75.3,  52.2) (  85.7,  53.3) (  97.6,  54.7) ( 107.9,  55.8)
