Wolverine (TSSMEC): the two guns' muzzles on the 384 canvas for each firing frame (96-127), in canvas
px: the tips of the barrels, where the flash is drawn (steps 0 and 2).  Left and right are the unit's
own.  The canvas centre (192, 192) is the unit's position.

frame  facing  step   left x   left y   right x  right y
   96       0     0    144.4    183.8    239.6    183.8
   97       0     1    144.4    183.8    239.6    183.8
   98       0     2    144.4    183.8    239.6    183.8
   99       0     3    144.4    183.8    239.6    183.8
  100       1     0    128.6    208.1    195.9    172.5
  101       1     1    128.6    208.1    195.9    172.5
  102       1     2    128.6    208.1    195.9    172.5
  103       1     3    128.6    208.1    195.9    172.5
  104       2     0    149.9    231.3    149.9    180.9
  105       2     1    149.9    231.3    149.9    180.9
  106       2     2    149.9    231.3    149.9    180.9
  107       2     3    149.9    231.3    149.9    180.9
  108       3     0    195.9    239.7    128.6    204.0
  109       3     1    195.9    239.7    128.6    204.0
  110       3     2    195.9    239.7    128.6    204.0
  111       3     3    195.9    239.7    128.6    204.0
  112       4     0    239.6    228.4    144.4    228.4
  113       4     1    239.6    228.4    144.4    228.4
  114       4     2    239.6    228.4    144.4    228.4
  115       4     3    239.6    228.4    144.4    228.4
  116       5     0    255.4    204.0    188.1    239.7
  117       5     1    255.4    204.0    188.1    239.7
  118       5     2    255.4    204.0    188.1    239.7
  119       5     3    255.4    204.0    188.1    239.7
  120       6     0    234.1    180.9    234.1    231.3
  121       6     1    234.1    180.9    234.1    231.3
  122       6     2    234.1    180.9    234.1    231.3
  123       6     3    234.1    180.9    234.1    231.3
  124       7     0    188.1    172.5    255.4    208.1
  125       7     1    188.1    172.5    255.4    208.1
  126       7     2    188.1    172.5    255.4    208.1
  127       7     3    188.1    172.5    255.4    208.1
