0 6.00 1.50 2.00 0.8908
1 3.00 1.50 3.50 0.8936
2 9.00 1.50 3.00 0.8909
3 12.00 2.00 3.50 0.8911
4 12.00 2.00 3.50 0.8787
5 15.00 1.50 4.00 0.8854
6 18.00 1.50 3.50 0.8857
7 25.50 2.50 3.00 0.8970
8 27.00 2.50 2.50 0.8988
9 31.50 2.50 2.50 0.8965
10 34.50 2.50 3.00 0.9014
11 37.50 2.50 3.00 0.8907
12 40.50 3.00 3.00 0.9062
13 42.00 3.00 3.00 0.8792
14 45.00 3.50 3.00 0.8841
15 48.00 3.50 3.00 0.8805
16 54.00 4.00 3.00 0.8781
17 54.00 4.00 3.00 0.8667
18 55.50 4.50 3.50 0.8511
19 57.00 4.50 4.00 0.8433
20 55.50 5.00 4.50 0.8228
21 66.00 4.50 3.00 0.8136
22 69.00 5.50 2.50 0.8023
23 81.00 6.50 0.50 0.7904
24 81.00 6.50 0.50 0.8549
