Titan (TSTITN): the cannon's muzzle on the 448 canvas for each upper-body frame, the tube's tip on its
centre line (where MMCHBARL.VXL ends), in canvas px.  The canvas centre (224, 224) is the unit's position.

frame  facing  muzzle x  muzzle y
  96      0      272.2     129.8
  97      1      234.8     126.7
  98      2      196.9     127.6
  99      3      160.0     132.3
 100      4      125.6     140.8
 101      5       95.0     152.7
 102      6       69.4     167.5
 103      7       49.6     184.6
 104      8       36.6     203.5
 105      9       30.8     223.4
 106     10       32.4     243.5
 107     11       41.4     263.0
 108     12       57.4     281.2
 109     13       79.8     297.4
 110     14      107.7     311.0
 111     15      140.1     321.5
 112     16      175.8     328.4
 113     17      213.2     331.5
 114     18      251.1     330.6
 115     19      288.0     325.8
 116     20      322.4     317.4
 117     21      353.0     305.5
 118     22      378.6     290.7
 119     23      398.4     273.5
 120     24      411.4     254.7
 121     25      417.2     234.8
 122     26      415.6     214.7
 123     27      406.6     195.2
 124     28      390.6     177.0
 125     29      368.2     160.7
 126     30      340.3     147.1
 127     31      307.9     136.7
