# the Juggernaut's barrel tips on the 448 x 448 canvas (px from the top left), as the model puts them
# frame  right barrel x y   middle x y   left barrel x y   mean x y   (right/left as the barrels face)
 120    287.4   67.1    247.1   67.1    206.8   67.1    247.1   67.1
 121    246.9   64.4    207.4   68.6    167.9   72.8    207.4   68.6
 122    206.2   66.0    168.9   74.1    131.7   82.3    168.9   74.1
 123    166.8   71.7    133.3   83.6     99.8   95.4    133.3   83.6
 124    130.3   81.4    101.8   96.5     73.3  111.6    101.8   96.5
 125     98.0   94.7     75.7  112.4     53.3  130.2     75.7  112.4
 126     71.3  111.0     55.9  130.8     40.5  150.5     55.9  130.8
 127     51.1  129.8     43.3  150.8     35.4  171.7     43.3  150.8
 128     38.2  150.4     38.2  171.7     38.2  193.1     38.2  171.7
 129     33.2  171.9     41.0  192.8     48.9  213.7     41.0  192.8
 130     36.1  193.4     51.5  213.2     66.9  232.9     51.5  213.2
 131     46.9  214.3     69.3  232.1     91.7  249.8     69.3  232.1
 132     65.2  233.7     93.7  248.8    122.2  263.9     93.7  248.8
 133     90.3  250.7    123.8  262.6    157.3  274.5    123.8  262.6
 134    121.1  264.9    158.4  273.1    195.6  281.2    158.4  273.1
 135    156.6  275.6    196.2  279.8    235.7  283.9    196.2  279.8
 136    195.4  282.4    235.7  282.4    276.0  282.4    235.7  282.4
 137    235.9  285.1    275.4  281.0    314.9  276.8    275.4  281.0
 138    276.6  283.6    313.9  275.4    351.1  267.2    313.9  275.4
 139    316.0  277.8    349.5  266.0    383.0  254.1    349.5  266.0
 140    352.5  268.1    381.0  253.0    409.5  237.9    381.0  253.0
 141    384.8  254.9    407.1  237.1    429.5  219.3    407.1  237.1
 142    411.5  238.5    426.9  218.8    442.3  199.0    426.9  218.8
 143    431.7  219.7    439.5  198.7    447.4  177.8    439.5  198.7
 144    444.6  199.2    444.6  177.8    444.6  156.4    444.6  177.8
 145    449.6  177.7    441.8  156.7    433.9  135.8    441.8  156.7
 146    446.7  156.1    431.3  136.4    415.9  116.6    431.3  136.4
 147    435.9  135.2    413.5  117.5    391.1   99.7    413.5  117.5
 148    417.6  115.9    389.1  100.8    360.6   85.7    389.1  100.8
 149    392.5   98.8    359.0   86.9    325.5   75.1    359.0   86.9
 150    361.7   84.6    324.4   76.5    287.2   68.3    324.4   76.5
 151    326.2   73.9    286.7   69.8    247.1   65.6    286.7   69.8
 152    287.4   12.3    247.1   12.3    206.8   12.3    247.1   12.3
 153    260.6    8.9    221.0   13.1    181.5   17.2    221.0   13.1
 154    232.9    8.3    195.7   16.5    158.5   24.7    195.7   16.5
 155    205.7   10.6    172.2   22.5    138.7   34.4    172.2   22.5
 156    179.8   15.7    151.3   30.8    122.8   45.9    151.3   30.8
 157    156.2   23.4    133.8   41.1    111.4   58.9    133.8   41.1
 158    136.0   33.3    120.5   53.1    105.1   72.8    120.5   53.1
 159    119.7   45.2    111.9   66.1    104.0   87.1    111.9   66.1
 160    108.2   58.5    108.2   79.8    108.2  101.2    108.2   79.8
 161    101.8   72.7    109.6   93.7    117.5  114.6    109.6   93.7
 162    100.7   87.4    116.2  107.1    131.6  126.8    116.2  107.1
 163    105.1  101.8    127.5  119.6    149.9  137.3    127.5  119.6
 164    114.7  115.5    143.2  130.6    171.7  145.7    143.2  130.6
 165    129.1  128.0    162.6  139.9    196.1  151.7    162.6  139.9
 166    147.9  138.8    185.1  146.9    222.4  155.1    185.1  146.9
 167    170.3  147.4    209.8  151.5    249.3  155.7    209.8  151.5
 168    195.4  153.5    235.7  153.5    276.0  153.5    235.7  153.5
 169    222.3  156.9    261.8  152.7    301.3  148.5    261.8  152.7
 170    249.9  157.4    287.1  149.3    324.3  141.1    287.1  149.3
 171    277.1  155.1    310.6  143.3    344.1  131.4    310.6  143.3
 172    303.0  150.0    331.5  134.9    360.0  119.8    331.5  134.9
 173    326.6  142.4    349.0  124.6    371.4  106.9    349.0  124.6
 174    346.8  132.4    362.3  112.7    377.7   93.0    362.3  112.7
 175    363.1  120.6    370.9   99.6    378.8   78.7    370.9   99.6
 176    374.6  107.3    374.6   85.9    374.6   64.6    374.6   85.9
 177    381.0   93.0    373.2   72.1    365.3   51.1    373.2   72.1
 178    382.1   78.4    366.7   58.7    351.2   38.9    366.7   58.7
 179    377.7   63.9    355.3   46.2    332.9   28.4    355.3   46.2
 180    368.1   50.2    339.6   35.1    311.1   20.0    339.6   35.1
 181    353.7   37.7    320.2   25.9    286.7   14.0    320.2   25.9
 182    334.9   27.0    297.7   18.8    260.4   10.7    297.7   18.8
 183    312.5   18.4    273.0   14.2    233.5   10.1    273.0   14.2
